%YAML:1.0
calibration_time: "Thu Oct 15 17:15:21 2015"
nframes: 20
image_width: 640
image_height: 480
board_width: 4
board_height: 7
square_size: 20.
flags: 0
camera_matrix: !!opencv-matrix
   rows: 3
   cols: 3
   dt: d
   data: [ 7.6370899653840365e+02, 0., 2.6506420397313815e+02, 0.,
       7.6428255792281675e+02, 2.3415264001339315e+02, 0., 0., 1. ]
distortion_coefficients: !!opencv-matrix
   rows: 5
   cols: 1
   dt: d
   data: [ 2.8171747716630730e-01, -7.3077595712849985e-01,
       2.0990082227353209e-03, -1.5437035112424842e-02,
       9.6186331604691783e-02 ]
avg_reprojection_error: 3.5621268213336249e-01
per_view_reprojection_errors: !!opencv-matrix
   rows: 20
   cols: 1
   dt: f
   data: [ 5.04785299e-01, 3.47018182e-01, 3.82279992e-01,
       3.37141424e-01, 3.36197674e-01, 3.44746917e-01, 3.34828198e-01,
       3.57644856e-01, 3.09923500e-01, 3.16449791e-01, 3.06795210e-01,
       2.88008332e-01, 3.16716284e-01, 4.30600315e-01, 2.86480606e-01,
       3.49602699e-01, 4.02595460e-01, 3.45856845e-01, 4.13370550e-01,
       3.39055717e-01 ]
# a set of 6-tuples (rotation vector + translation vector) for each view
extrinsic_parameters: !!opencv-matrix
   rows: 20
   cols: 6
   dt: d
   data: [ -5.5380919057549682e-01, 4.0122945269404808e-01,
       1.1381066743635684e+00, 3.7942740149990620e+01,
       -4.9020929812449637e+01, 2.7519941385468303e+02,
       -4.9543497746258591e-01, 4.2006667847860191e-01,
       1.2713959092491212e+00, 6.8482598748255725e+01,
       -4.9027393707187485e+01, 2.6576307313447580e+02,
       -4.8848863828714106e-01, 3.2054154679572605e-01,
       8.9845763841753401e-01, 3.4933839281857800e+01,
       -6.1269468959668629e+01, 2.6417585232684422e+02,
       -4.8272382564093175e-01, 4.4964603805583742e-01,
       1.2134995990103736e+00, 5.9560033146041455e+01,
       -3.7993088646609863e+01, 2.5356175651706999e+02,
       -4.3320968261830139e-01, 3.9830667275976428e-01,
       1.1880643643921225e+00, 5.0301797901598221e+01,
       -4.4436844116151640e+01, 2.6036198931075222e+02,
       -4.7743639736835941e-01, 3.6735359510383297e-01,
       1.3235544244154869e+00, 6.3325687406019988e+01,
       -5.2556478203959102e+01, 2.5263111619400817e+02,
       -3.6385620381021733e-01, 5.0022496700828500e-01,
       1.5705309821554980e+00, 7.2912478096353965e+01,
       -4.0852284028055379e+01, 2.4142629794893557e+02,
       -4.4836586965404585e-01, 6.3962471573879442e-01,
       1.6078980836675529e+00, 7.9942357745137286e+01,
       -1.6426057315139435e+01, 2.2510693349646175e+02,
       -2.5660740419551992e-01, 5.1369744124395378e-01,
       1.6968392395418506e+00, 8.3495034141286496e+01,
       -2.6050414008489703e+01, 2.4849716610309346e+02,
       -2.6961265420200775e-01, 6.1877934425375880e-01,
       2.1703064967106225e+00, 8.2678681804603755e+01,
       -6.3424172340680918e-01, 2.4155640250412955e+02,
       -4.8605343411580987e-02, 6.4994742229172864e-01,
       2.2533985019391838e+00, 8.9011003292612571e+01,
       -3.4841998392915285e+00, 2.4113170726958543e+02,
       2.1457427149006086e-02, 5.8024762346792080e-01,
       2.5908287769732112e+00, 8.4570634535895095e+01,
       2.5423490046421890e+01, 2.3006535663714044e+02,
       7.7313340068044162e-02, 5.4039986365556847e-01,
       2.5701338079680225e+00, 8.3662626779674355e+01,
       1.5652797995908829e+01, 2.2644183923982757e+02,
       2.0418665996312105e-01, 6.6770699490204022e-01,
       3.0228453969386968e+00, 6.9503372132933862e+01,
       4.2085203777854325e+01, 2.2244121473781402e+02,
       -2.1677452318379220e-01, -6.3680160939557329e-01,
       -3.0112469012178034e+00, 4.9777044721289016e+01,
       4.7842859857561734e+01, 2.1655036850267743e+02,
       -1.4363597513976392e-01, -4.6956123592317622e-01,
       -2.4582919415159612e+00, 1.5616028764847304e+01,
       5.3232763897998225e+01, 2.1640832649747333e+02,
       -2.2288364584853182e-01, -5.5633485624930890e-01,
       -1.9918052993128603e+00, -2.0882030552525535e+01,
       3.7922159379095000e+01, 2.2222257543224987e+02,
       -4.2997920744616969e-01, 4.2818191083684798e-01,
       6.9027002707174923e-01, 5.3057453039579705e+01,
       -6.8114167687401277e+01, 3.0417861863019937e+02,
       -3.4058794187029173e-01, -1.2680591706540589e-01,
       -6.3581118365666389e-01, -4.2196264440511563e+01,
       -3.3263331204829655e+01, 2.7049454481065760e+02,
       3.6062402711745996e-02, 1.8418870755154564e-02,
       1.5771949671298169e+00, 6.8778595200335289e+01,
       -2.7332864016512520e+01, 2.4770968446761117e+02 ]
