%YAML:1.0
calibration_time: "Wed May 27 15:03:15 2015"
nframes: 53
image_width: 640
image_height: 480
board_width: 4
board_height: 7
square_size: 20.
flags: 0
camera_matrix: !!opencv-matrix
   rows: 3
   cols: 3
   dt: d
   data: [ 7.5382009723957344e+02, 0., 3.5449299917736386e+02, 0.,
       7.5270754002476508e+02, 2.0662580963000462e+02, 0., 0., 1. ]
distortion_coefficients: !!opencv-matrix
   rows: 5
   cols: 1
   dt: d
   data: [ 2.4805100558440474e-01, -6.8166679099037963e-01,
       -6.4576731182720264e-03, 1.1029814134285314e-02,
       2.3336872141072207e+00 ]
avg_reprojection_error: 3.8834840502714402e-01
per_view_reprojection_errors: !!opencv-matrix
   rows: 53
   cols: 1
   dt: f
   data: [ 2.97955155e-01, 5.01142144e-01, 5.61374366e-01,
       9.60112929e-01, 4.41670209e-01, 2.96172351e-01, 3.18929106e-01,
       2.87500530e-01, 7.23785102e-01, 3.29416096e-01, 3.75669867e-01,
       3.43688250e-01, 5.80001831e-01, 6.48146808e-01, 4.09568816e-01,
       3.97582024e-01, 2.94241011e-01, 2.45901763e-01, 2.61023521e-01,
       3.13196957e-01, 3.73677760e-01, 3.01782608e-01, 2.69214302e-01,
       3.00561875e-01, 2.83513159e-01, 2.66083539e-01, 3.01096797e-01,
       2.86146224e-01, 2.89829969e-01, 2.96892077e-01, 3.55620950e-01,
       3.64805609e-01, 3.21902782e-01, 3.25471818e-01, 3.22308123e-01,
       3.32359374e-01, 3.32293987e-01, 3.16669941e-01, 3.40271860e-01,
       3.21996719e-01, 3.70769054e-01, 4.13846612e-01, 3.47294927e-01,
       3.92391086e-01, 3.62166822e-01, 3.50702584e-01, 4.59830821e-01,
       3.82659495e-01, 3.98267925e-01, 2.77049959e-01, 2.69800305e-01,
       2.88227201e-01, 2.68916160e-01 ]
# a set of 6-tuples (rotation vector + translation vector) for each view
extrinsic_parameters: !!opencv-matrix
   rows: 53
   cols: 6
   dt: d
   data: [ -1.5331827086158684e-01, -3.0385153942588428e-01,
       -2.1206020495358890e+00, -3.7992538886713881e+01,
       6.3391674369757638e+01, 2.1970080688683103e+02,
       -1.0471502287004825e-01, -2.7424098930934548e-01,
       -1.9800014465018565e+00, -4.5277516200134784e+01,
       4.5595430950665254e+01, 2.2096192433724951e+02,
       -1.2555001435087665e-01, -2.7005399320900575e-01,
       -1.8662609133204093e+00, -4.6674892538176891e+01,
       5.1062550681543080e+01, 2.2204969621808303e+02,
       -2.2564688074140238e-01, -3.1546201512605770e-01,
       -1.7752410021534455e+00, -5.2286104240912309e+01,
       5.8652373580807776e+01, 2.2166710132577509e+02,
       -1.2865786575600005e-01, -3.0563055737308903e-01,
       -1.8226985753476981e+00, -6.1343810557215512e+01,
       5.3826595210650005e+01, 2.1906552854342874e+02,
       -1.5086749374663011e-01, -2.7298773989479536e-01,
       -1.7271641687500447e+00, -5.5263556006547233e+01,
       4.4420983599294786e+01, 2.2186966176966109e+02,
       -1.2473166559710561e-01, -2.5552269817923678e-01,
       -1.7621083520085861e+00, -5.9835346383644847e+01,
       4.1694558795778370e+01, 2.2088402596629535e+02,
       -1.2907583756364829e-01, -2.2333719513956166e-01,
       -1.7226770723040401e+00, -5.8038513061129457e+01,
       3.7127659631604757e+01, 2.2241796044881704e+02,
       -1.9434537846713590e-01, -1.7583469497074855e-01,
       -1.5309936476454229e+00, -5.6991755475945816e+01,
       4.0846216127399316e+01, 2.2343161009564707e+02,
       -1.6097063252803787e-01, -1.6599853193304134e-01,
       -1.6761324190362117e+00, -6.7104694837640793e+01,
       3.9442777445736773e+01, 2.2251804452966527e+02,
       -2.9747247269108418e-01, -2.0970439057110826e-01,
       -1.2814200512680385e+00, -7.0917117141149561e+01,
       2.5049470812400973e+01, 2.3557386252691754e+02,
       -2.8321746301256268e-01, -2.1965102984498758e-01,
       -1.4882934302738966e+00, -7.6955209774369905e+01,
       3.6688077073729858e+01, 2.3315557696631211e+02,
       -2.6060841180402167e-01, -2.1011071663145939e-01,
       -1.4683927980927851e+00, -7.2622109482206554e+01,
       3.2484063700541782e+01, 2.3486116178632253e+02,
       -2.8998969454699780e-01, -2.0544846054539370e-01,
       -1.4351128563640390e+00, -8.5665034607657304e+01,
       2.5582648435555321e+01, 2.3852394774733210e+02,
       -3.5745566628553127e-01, -1.7102517984958882e-01,
       -1.2899487177322224e+00, -8.3400268715138850e+01,
       3.2032486808358257e+01, 2.4550915190726820e+02,
       -3.9308244853901059e-01, -1.3637054831248260e-01,
       -1.4301103090302647e+00, -5.9442296949659593e+01,
       3.8879703692953477e+01, 2.4035069033791217e+02,
       -3.4579903939904805e-01, -1.6117368704615664e-01,
       -1.4896667011219602e+00, -6.8126568408660845e+01,
       3.6745043174820012e+01, 2.3805844552251384e+02,
       -3.5201822017616802e-01, -1.1420987900209852e-01,
       -1.3771321037827915e+00, -7.5505105246860239e+01,
       2.4189927355733271e+01, 2.4821282966870626e+02,
       -3.5812536465342287e-01, -1.1708003036768988e-01,
       -1.3738798607664418e+00, -7.6692091975404736e+01,
       2.4514241293103332e+01, 2.4819815812664515e+02,
       -3.9025144253351624e-01, -7.7362049887332571e-02,
       -1.2383565785539681e+00, -7.3808768841439772e+01,
       1.0365066429154361e+01, 2.5186287852121171e+02,
       -3.5474333566885241e-01, -9.1528711762082521e-02,
       -1.2862233608383191e+00, -8.3113559513776096e+01,
       1.0924718600674165e+01, 2.4929586247053399e+02,
       -3.8053139717361723e-01, -8.3024705384614803e-02,
       -1.3616405413969670e+00, -6.7029677241974682e+01,
       2.5667162079844360e+01, 2.4609870144940970e+02,
       -3.6182636716886857e-01, -1.0739592181314940e-01,
       -1.3968555737782640e+00, -7.2834053466748202e+01,
       2.8339245536250139e+01, 2.4482627318364430e+02,
       -6.2856251684602860e-01, 4.2144981390992171e-03,
       -5.0663801047376951e-02, -2.0688423852213486e+01,
       -4.9601340885866890e+01, 3.1851378956801079e+02,
       -6.1701812763745156e-01, 1.0953791337622117e-02,
       -5.0629589036653523e-02, -1.9895397625732443e+01,
       -5.4565251557985540e+01, 3.1808095506574443e+02,
       -6.6196690221642729e-01, 5.4077340097517357e-02,
       5.0341678415183971e-02, -1.5732865379519568e+01,
       -5.0878555968997055e+01, 3.3180835136250960e+02,
       -6.5866357419379096e-01, 1.0591066809694903e-01,
       2.0026073904623784e-01, 6.0114611836227239e+00,
       -5.4269759450053435e+01, 3.3342548785426601e+02,
       -6.6476731640502162e-01, 1.5837906751188013e-01,
       2.9652579734080226e-01, 1.9479540682746670e+01,
       -5.0685012352093970e+01, 3.3387801088249932e+02,
       -6.4651222558653365e-01, 1.6168603054766734e-01,
       2.6273468022842794e-01, 9.7655270593016503e+00,
       -5.5823625238315707e+01, 3.3223782114302264e+02,
       -6.7456923633061461e-01, 3.2732300791644181e-01,
       5.7396155932329207e-01, 2.9308675696782018e+01,
       -3.9419139760105807e+01, 3.2618256209654049e+02,
       -6.2110842141142675e-01, 2.5301733591452263e-01,
       5.4058008895146470e-01, 5.2298631479099482e+00,
       -5.6747033484771407e+01, 3.1445871718753949e+02,
       -5.5457194862084525e-01, 2.4160333762146602e-01,
       7.3986352067737360e-01, 1.8387660275735737e+01,
       -5.5503708224039215e+01, 2.9139211793346425e+02,
       -5.6811583664050769e-01, 2.4876796301385054e-01,
       7.3326567949922672e-01, 1.7258497128332248e+01,
       -5.4765209055098445e+01, 2.9335614975688156e+02,
       -5.2916134173230822e-01, 2.2045650901283378e-01,
       8.3589087111641647e-01, 2.3695309584092026e+01,
       -6.2835349116847532e+01, 2.8881350805843016e+02,
       -4.3088829539336770e-01, 2.6370155469570244e-01,
       1.0172765400032999e+00, 3.2041550567125476e+01,
       -5.2904059908686740e+01, 2.8536450534291401e+02,
       -4.2897809230686751e-01, 2.5228435471172433e-01,
       9.8849367163113233e-01, 2.5659677771450575e+01,
       -5.5162777593089743e+01, 2.8670963393072441e+02,
       -4.5977328901325154e-01, 2.4784107824063098e-01,
       9.4328728460612543e-01, 1.5616691849493236e+01,
