<?xml version="1.0"?>
<opencv_storage>
<images>
  "./photos/2015-05-26-175639_13.jpg"
  "./photos/2015-05-26-175639_14.jpg"
  "./photos/2015-05-26-175639_15.jpg"
  "./photos/2015-05-26-175639_16.jpg"
  "./photos/2015-05-26-175639_17.jpg"
  "./photos/2015-05-26-175639_18.jpg"
  "./photos/2015-05-26-175639_19.jpg"
  "./photos/2015-05-26-175639_20.jpg"
  "./photos/2015-05-26-175639_21.jpg"
  "./photos/2015-05-26-175639_22.jpg"
  "./photos/2015-05-26-175639_27.jpg"
  "./photos/2015-05-26-175639_28.jpg"
  "./photos/2015-05-26-175639_29.jpg"
  "./photos/2015-05-26-175639_30.jpg"
  "./photos/2015-05-26-175639_31.jpg"
  "./photos/2015-05-26-175639_32.jpg"
  "./photos/2015-05-26-175639_33.jpg"
  "./photos/2015-05-26-175639_40.jpg"
  "./photos/2015-05-26-175639_41.jpg"
  "./photos/2015-05-26-175639_42.jpg"
  "./photos/2015-05-26-175639_43.jpg"
  "./photos/2015-05-26-175639_48.jpg"
  "./photos/2015-05-26-175639_49.jpg" "./photos/2015-05-26-175932_1.jpg"
  "./photos/2015-05-26-175932_2.jpg" "./photos/2015-05-26-175932_4.jpg"
  "./photos/2015-05-26-175932_5.jpg" "./photos/2015-05-26-175932_6.jpg"
  "./photos/2015-05-26-175932_7.jpg" "./photos/2015-05-26-175958_12.jpg"
  "./photos/2015-05-26-175958_13.jpg"
  "./photos/2015-05-26-175958_14.jpg"
  "./photos/2015-05-26-175958_21.jpg"
  "./photos/2015-05-26-175958_22.jpg"
  "./photos/2015-05-26-175958_23.jpg"
  "./photos/2015-05-26-175958_30.jpg"
  "./photos/2015-05-26-175958_31.jpg"
  "./photos/2015-05-26-175958_32.jpg" "./photos/2015-05-26-175958_6.jpg"
  "./photos/2015-05-26-175958_7.jpg" "./photos/2015-05-26-175958_9.jpg"
  "./photos/2015-05-26-180100_10.jpg"
  "./photos/2015-05-26-180100_13.jpg"
  "./photos/2015-05-26-180100_15.jpg"
  "./photos/2015-05-26-180100_16.jpg"
  "./photos/2015-05-26-180100_17.jpg"
  "./photos/2015-05-26-180100_27.jpg"
  "./photos/2015-05-26-180100_31.jpg"
  "./photos/2015-05-26-180100_34.jpg"
  "./photos/2015-05-26-180100_35.jpg"
  "./photos/2015-05-26-180458_11.jpg"
  "./photos/2015-05-26-180458_12.jpg"
  "./photos/2015-05-26-180458_13.jpg"
  "./photos/2015-05-26-180458_16.jpg"</images>
</opencv_storage>
