<?xml version="1.0"?>
<opencv_storage>
<images>
  "./photos2/2015-10-15-160804_1.jpg"
  "./photos2/2015-10-15-160804_2.jpg" "./photos2/2015-10-15-163323.jpg"
  "./photos2/2015-10-15-163330.jpg" "./photos2/2015-10-15-163339.jpg"
  "./photos2/2015-10-15-163351.jpg" "./photos2/2015-10-15-163358.jpg"
  "./photos2/2015-10-15-163405.jpg" "./photos2/2015-10-15-163423.jpg"
  "./photos2/2015-10-15-163429.jpg" "./photos2/2015-10-15-163442.jpg"
  "./photos2/2015-10-15-163504.jpg" "./photos2/2015-10-15-163511.jpg"
  "./photos2/2015-10-15-163520.jpg" "./photos2/2015-10-15-163538.jpg"
  "./photos2/2015-10-15-163551.jpg" "./photos2/2015-10-15-163557.jpg"
  "./photos2/2015-10-15-163609.jpg" "./photos2/2015-10-15-163657.jpg"
  "./photos2/2015-10-15-163717.jpg" "./photos2/2015-10-15-163730.jpg"
  "./photos2/2015-10-15-165626.jpg"</images>
</opencv_storage>
